#Monthly Geocenter motion CM-CF  from the ESA earth system model. Columns denote
#Decimalyear isodate  x[m] y[m] z[m]
1995.03835616 1995-01-15T00:00:00 0.00260552254874 9.46874081021e-05 0.00558987745818
1995.12328767 1995-02-15T00:00:00 0.00133377053488 -0.0014422927308 0.00557792110856
1995.20000000 1995-03-15T00:00:00 0.00128765045307 -0.00217123923971 0.00525414895438
1995.28493151 1995-04-15T00:00:00 0.00107950925339 -0.00253376203822 0.00605483246485
1995.36712329 1995-05-15T00:00:00 0.00100864025725 -0.00343780364825 0.00528260464528
1995.45205479 1995-06-15T00:00:00 -0.000570573792032 -0.00417583111544 -0.000503965076731
1995.53424658 1995-07-15T00:00:00 -0.00189133335046 -0.00342946232932 -0.00382214150913
1995.61917808 1995-08-15T00:00:00 -0.00285967676547 -0.00131346102027 -0.000839063595893
1995.70410959 1995-09-15T00:00:00 -0.00197477054592 -0.000258897411645 0.00253583352131
1995.78630137 1995-10-15T00:00:00 -0.00154722600057 0.000608223592803 0.00257884685375
1995.87123288 1995-11-15T00:00:00 0.000447211546427 -7.55948147562e-06 0.00311315181843
1995.95342466 1995-12-15T00:00:00 0.00223680570268 0.000415958482908 0.00503550243368
1996.03825137 1996-01-15T00:00:00 0.00263563052975 0.000367068010532 0.0053789116889
1996.12295082 1996-02-15T00:00:00 0.00195111362435 -0.000610064053824 0.00337187857337
1996.20218579 1996-03-15T00:00:00 0.0036493237925 -0.0017288753418 0.00748684766609
1996.28688525 1996-04-15T00:00:00 0.00239062596637 -0.00214816931279 0.00600617460206
1996.36885246 1996-05-15T00:00:00 0.000631997648214 -0.00368141816085 0.00603652130541
1996.45355191 1996-06-15T00:00:00 0.000124754243632 -0.00346188002705 0.00156147930552
1996.53551913 1996-07-15T00:00:00 -0.000365445845518 -0.00390095455563 0.00114531868721
1996.62021858 1996-08-15T00:00:00 -0.00089758988008 -0.0012790085903 0.000153525698543
1996.70491803 1996-09-15T00:00:00 -0.00168708390544 -0.00101778980405 0.000427545571023
1996.78688525 1996-10-15T00:00:00 -0.000449696289163 0.000249463616037 0.00358991316638
1996.87158470 1996-11-15T00:00:00 0.00269555926676 0.000384644312806 0.0049110540456
1996.95355191 1996-12-15T00:00:00 0.00178336350165 -0.000367038568518 0.00281319161201
1997.03835616 1997-01-15T00:00:00 0.00265854049363 -0.00149982953216 0.00406030752315
1997.12328767 1997-02-15T00:00:00 0.00230049300603 -0.00266674231196 0.00435236710608
1997.20000000 1997-03-15T00:00:00 0.00159409437508 -0.00381099901216 0.00681563388382
1997.28493151 1997-04-15T00:00:00 0.0032904247252 -0.00310106276205 0.00502995001571
1997.36712329 1997-05-15T00:00:00 0.00125956588878 -0.00492079630115 0.00585515538727
1997.45205479 1997-06-15T00:00:00 -0.00120532527286 -0.00444661843507 -0.000122447215248
1997.53424658 1997-07-15T00:00:00 -0.00131991095476 -0.00318561444975 0.000358531228441
1997.61917808 1997-08-15T00:00:00 -0.00109602702261 -0.00234171911916 0.00123690072717
1997.70410959 1997-09-15T00:00:00 -0.000740193315637 -0.000100376196378 0.00117180671329
1997.78630137 1997-10-15T00:00:00 -0.00167856574485 0.00069872404778 0.00202067632119
1997.87123288 1997-11-15T00:00:00 0.00161570946026 0.000895010943036 0.000818239873927
1997.95342466 1997-12-15T00:00:00 0.00203119070876 0.00100547248065 0.000838357198362
1998.03835616 1998-01-15T00:00:00 0.00318897477906 8.28447722233e-06 0.00506779577673
1998.12328767 1998-02-15T00:00:00 0.00273327435852 -0.000578059611422 0.00317822689753
1998.20000000 1998-03-15T00:00:00 0.00291716515789 -0.00101565581577 0.00580950578958
1998.28493151 1998-04-15T00:00:00 0.00119497143424 -0.00210770540504 0.00432944337848
1998.36712329 1998-05-15T00:00:00 0.000710431289048 -0.00230908627313 0.00257148992446
1998.45205479 1998-06-15T00:00:00 -0.00143725023577 -0.00323458551657 0.00179281818712
1998.53424658 1998-07-15T00:00:00 -0.00211097844829 -0.00184713686591 0.000214557745853
1998.61917808 1998-08-15T00:00:00 -0.00332291211516 -9.30774467561e-05 0.00026509084466
1998.70410959 1998-09-15T00:00:00 -0.00172423045515 0.00114458984246 -0.000197901288275
1998.78630137 1998-10-15T00:00:00 -0.0001817244905 0.00128540345873 0.00169788758211
1998.87123288 1998-11-15T00:00:00 0.000313611695483 0.00197173086817 0.00463107819492
1998.95342466 1998-12-15T00:00:00 0.0016104783683 0.00186280447527 0.00335005659186
1999.03835616 1999-01-15T00:00:00 0.00213545901897 0.000720444560385 0.00338868736361
1999.12328767 1999-02-15T00:00:00 0.00179755808048 -0.000295965395636 0.00313154308851
1999.20000000 1999-03-15T00:00:00 0.00195378001719 -0.000920055958407 0.00405017026423
1999.28493151 1999-04-15T00:00:00 0.00151649520461 -0.00234702708102 0.00441087224257
1999.36712329 1999-05-15T00:00:00 0.000430151860246 -0.0016424461436 0.002921407588
1999.45205479 1999-06-15T00:00:00 -0.000921052073684 -0.00199976743817 -0.00152403150261
1999.53424658 1999-07-15T00:00:00 -0.00245971926714 -0.00182538116889 -0.00115851437794
1999.61917808 1999-08-15T00:00:00 -0.00223732282235 -0.000388368750895 -0.00202800346487
1999.70410959 1999-09-15T00:00:00 -0.00162386101762 0.00128291946438 -0.000903910862207
1999.78630137 1999-10-15T00:00:00 -0.000602427092492 0.00186603300301 0.00194433409952
1999.87123288 1999-11-15T00:00:00 0.000560824194856 0.00233760894212 0.00194499754989
1999.95342466 1999-12-15T00:00:00 0.00163061575995 0.00316140707189 0.00186553014541
2000.03825137 2000-01-15T00:00:00 0.00280961761461 0.00234152111716 0.00281814678541
2000.12295082 2000-02-15T00:00:00 0.00311031232435 0.000587704487319 0.00278820748941
2000.20218579 2000-03-15T00:00:00 0.00105366030129 -0.000308646028819 0.00156398236455
2000.28688525 2000-04-15T00:00:00 0.000993667280182 -0.00107950445508 0.000708025612086
2000.36885246 2000-05-15T00:00:00 -0.000205011708022 -0.000905042274805 -9.95141359646e-06
2000.45355191 2000-06-15T00:00:00 -0.000892296903456 -0.000953269577268 -0.00202605373531
2000.53551913 2000-07-15T00:00:00 -0.00309608078518 -0.00205844430437 -0.00340296547422
2000.62021858 2000-08-15T00:00:00 -0.00186490733599 -0.00025715562601 -0.00308513652559
2000.70491803 2000-09-15T00:00:00 -0.00228615885305 0.000982609637358 -0.00333087412688
2000.78688525 2000-10-15T00:00:00 -0.00032335528305 0.00206502441301 0.000228137872499
2000.87158470 2000-11-15T00:00:00 2.14846542209e-05 0.00262371070052 -0.000182759079056
2000.95355191 2000-12-15T00:00:00 0.00100542384126 0.00136363210677 0.000487334454396
2001.03835616 2001-01-15T00:00:00 0.00271408077406 0.00207123643852 -1.88235785045e-05
2001.12328767 2001-02-15T00:00:00 0.00191943102953 0.000322836941001 0.00153998416356
2001.20000000 2001-03-15T00:00:00 0.00197931551138 0.000240258292161 0.000141416211971
2001.28493151 2001-04-15T00:00:00 0.00100609157026 -0.000234788486619 0.000408654975299
2001.36712329 2001-05-15T00:00:00 -0.000499705050225 -0.000763044201165 -0.00147706673486
2001.45205479 2001-06-15T00:00:00 -0.00133805808118 -0.00135152426492 -0.00311503281048
2001.53424658 2001-07-15T00:00:00 -0.00242033717196 -0.00117428623637 -0.00474854269234
2001.61917808 2001-08-15T00:00:00 -0.0022096081087 0.000553384343091 -0.00263923875127
2001.70410959 2001-09-15T00:00:00 -0.00256353075204 0.00176210852483 -0.0020824392643
2001.78630137 2001-10-15T00:00:00 -0.000755019891495 0.00242145637023 -0.000602433723026
2001.87123288 2001-11-15T00:00:00 0.000600801914817 0.00356977603064 -0.00136358031499
2001.95342466 2001-12-15T00:00:00 0.00209981719745 0.00397725629109 0.00152147163816
2002.03835616 2002-01-15T00:00:00 0.00332685275984 0.0026566820136 -0.000944775434546
2002.12328767 2002-02-15T00:00:00 0.00107720824381 0.000356460759382 0.00122402753223
2002.20000000 2002-03-15T00:00:00 0.00105580264773 -0.000426669356687 -0.00109152329174
2002.28493151 2002-04-15T00:00:00 0.000506018211708 -0.000596846757196 0.00156900287886
2002.36712329 2002-05-15T00:00:00 -0.000573571646328 -0.00173652267049 -0.00231317584367
2002.45205479 2002-06-15T00:00:00 -0.00111145741344 -0.00239783789627 -0.00460798088769
2002.53424658 2002-07-15T00:00:00 -0.00360119605986 -0.00260370509666 -0.00403891446801
2002.61917808 2002-08-15T00:00:00 -0.00277427747492 -0.000678992242299 -0.0041278223815
2002.70410959 2002-09-15T00:00:00 -0.00228191735049 0.00103510777952 -0.00415525667843
2002.78630137 2002-10-15T00:00:00 -0.00139044676164 0.00201839658771 -0.00279072359794
2002.87123288 2002-11-15T00:00:00 -0.000156512015102 0.00293007634673 -0.00203111265188
2002.95342466 2002-12-15T00:00:00 0.00140542148814 0.00371267271175 -0.000305297871404
2003.03835616 2003-01-15T00:00:00 0.00148765383267 0.00186164455208 -0.00203748621399
2003.12328767 2003-02-15T00:00:00 0.00118163740565 0.00174866070723 -0.000687978689306
2003.20000000 2003-03-15T00:00:00 0.00146339781683 0.00112727275251 -0.000391407460607
2003.28493151 2003-04-15T00:00:00 0.000540872190969 4.99944747243e-05 -3.31971788907e-05
2003.36712329 2003-05-15T00:00:00 -0.000524897413087 -0.00105081866305 -0.00118604434672
2003.45205479 2003-06-15T00:00:00 -0.000295016322151 -0.000793403776255 -0.00572770671432
2003.53424658 2003-07-15T00:00:00 -0.00183001252575 -0.000260074475114 -0.00419431888911
2003.61917808 2003-08-15T00:00:00 -0.00203962529754 0.000601086428061 -0.00304070477348
2003.70410959 2003-09-15T00:00:00 -0.00107752434456 0.00246032859714 -0.00265051740939
2003.78630137 2003-10-15T00:00:00 -0.0011763987229 0.00350823333318 -0.00309115966403
2003.87123288 2003-11-15T00:00:00 0.000384596978185 0.00445858125796 -0.00132000021675
2003.95342466 2003-12-15T00:00:00 0.0010972137199 0.00357216952772 -0.00407317276437
2004.03825137 2004-01-15T00:00:00 0.00187139963339 0.00271425790296 -0.000576572925475
2004.12295082 2004-02-15T00:00:00 0.00290539746437 0.000464748281401 -0.000615781118357
2004.20218579 2004-03-15T00:00:00 0.00167280611785 0.000389914860625 0.00161498394466
2004.28688525 2004-04-15T00:00:00 0.00108873602043 -9.14290818961e-06 -0.0006240327344
2004.36885246 2004-05-15T00:00:00 -0.00049762983668 -0.00228102873486 -0.000724847371719
2004.45355191 2004-06-15T00:00:00 -0.00206494230379 -0.00168666135783 -0.00160620582411
2004.53551913 2004-07-15T00:00:00 -0.00193917061727 -0.000771194884096 -0.00453239572001
2004.62021858 2004-08-15T00:00:00 -0.0013884536396 0.000152206124659 -0.00481284657934
2004.70491803 2004-09-15T00:00:00 -0.00161270053762 0.00210106492543 -0.00362407193519
2004.78688525 2004-10-15T00:00:00 -0.00176663533526 0.00332369903612 -0.00320789460741
2004.87158470 2004-11-15T00:00:00 -0.000179037703522 0.00276865549451 -0.00306706780279
2004.95355191 2004-12-15T00:00:00 0.000659216652473 0.00348212653739 -0.0018753167881
2005.03835616 2005-01-15T00:00:00 0.00209786044916 0.00112760181892 9.14264546604e-05
2005.12328767 2005-02-15T00:00:00 0.00123417418617 0.00071439400045 0.0021795324376
2005.20000000 2005-03-15T00:00:00 0.00203612819189 0.000120330821674 -0.000813638136809
2005.28493151 2005-04-15T00:00:00 -0.000475910688418 -0.00159921348491 0.000620041099701
2005.36712329 2005-05-15T00:00:00 -0.00128596520056 -0.00133646012677 -0.00138848800913
2005.45205479 2005-06-15T00:00:00 -0.00117652453557 -0.00259873259638 -0.00650866353527
2005.53424658 2005-07-15T00:00:00 -0.00394353630755 -0.00145435008417 -0.00537684918583
2005.61917808 2005-08-15T00:00:00 -0.00373621828038 0.000277623828908 -0.00495342581618
2005.70410959 2005-09-15T00:00:00 -0.00349754822399 0.00100669093985 -0.00366347752329
2005.78630137 2005-10-15T00:00:00 -0.0022081597915 0.00234313962622 -0.00322825951453
2005.87123288 2005-11-15T00:00:00 -0.00165515743063 0.00260117370953 -0.00310543675534
2005.95342466 2005-12-15T00:00:00 0.000328703804156 0.00251040746405 -0.00311418171338
2006.03835616 2006-01-15T00:00:00 0.000938340903778 0.00241010198968 -0.000581714599304
2006.12328767 2006-02-15T00:00:00 0.00082244699567 0.000481483509834 -0.00117754323804
2006.20000000 2006-03-15T00:00:00 0.00154055320566 -0.000878348435714 -0.00140654459164
2006.28493151 2006-04-15T00:00:00 0.000681660681979 -0.00113970248658 -0.00191254722945
2006.36712329 2006-05-15T00:00:00 -0.000314851192403 -0.0012225493753 -0.00112938854054
2006.45205479 2006-06-15T00:00:00 -0.00125918902438 -0.000510394818146 -0.00429049975805
2006.53424658 2006-07-15T00:00:00 -0.00353486823395 -0.00126841881393 -0.00572993422451
2006.61917808 2006-08-15T00:00:00 -0.00425302069023 0.000268986217933 -0.00794978847198
2006.70410959 2006-09-15T00:00:00 -0.00369688356451 0.00178507412154 -0.00570544628111
2006.78630137 2006-10-15T00:00:00 -0.00223439816074 0.00325188209836 -0.00327752097201
2006.87123288 2006-11-15T00:00:00 0.000514801116608 0.00315729848861 -0.00320319691021
2006.95342466 2006-12-15T00:00:00 0.00172806862074 0.00377154094578 -0.00338631218961
