#Monthly Geocenter motion CM-CF  from the ESA earth system model. Columns denote
#Decimalyear isodate  x[m] y[m] z[m]
1995.03835616 1995-01-15T00:00:00 2.22017651949e-05 -0.000902667967009 0.000555678385198
1995.12328767 1995-02-15T00:00:00 0.000134094016714 -0.00102440919802 0.00101147695957
1995.20000000 1995-03-15T00:00:00 0.000281229470727 -0.00132749616082 0.0014265405343
1995.28493151 1995-04-15T00:00:00 0.00033402572707 -0.00178587789869 0.00151135733669
1995.36712329 1995-05-15T00:00:00 3.01642816145e-05 -0.00198976572199 0.000901113191582
1995.45205479 1995-06-15T00:00:00 -0.000637163857924 -0.00173687747975 -0.000216136906791
1995.53424658 1995-07-15T00:00:00 -0.00114506708265 -0.000911395759128 -0.00121363842004
1995.61917808 1995-08-15T00:00:00 -0.00126929553078 0.000151484632962 -0.00136104934544
1995.70410959 1995-09-15T00:00:00 -0.00123462479942 0.000831312997128 -0.00107676894564
1995.78630137 1995-10-15T00:00:00 -0.00107738453916 0.00065610156644 -0.00077848276102
1995.87123288 1995-11-15T00:00:00 -0.000850878804295 0.000100569258932 -0.000248142737252
1995.95342466 1995-12-15T00:00:00 -0.000477934199864 -0.000742648878647 0.000150751747699
1996.03825137 1996-01-15T00:00:00 0.000148319067709 -0.00138853407287 0.000734443195664
1996.12295082 1996-02-15T00:00:00 0.000725499670869 -0.00187290408973 0.00126617911513
1996.20218579 1996-03-15T00:00:00 0.00137976195077 -0.00202611180637 0.0016312886072
1996.28688525 1996-04-15T00:00:00 0.00147653988236 -0.0020339995938 0.00177173788707
1996.36885246 1996-05-15T00:00:00 0.000933017234526 -0.00219847392245 0.00136156483111
1996.45355191 1996-06-15T00:00:00 0.000406850753475 -0.00182637023986 0.000235586484683
1996.53551913 1996-07-15T00:00:00 -0.000271251633007 -0.000889801025037 -0.000803503304905
1996.62021858 1996-08-15T00:00:00 -0.00068687062921 0.000155437398596 -0.00103631240422
1996.70491803 1996-09-15T00:00:00 -0.0006489488904 0.000584126797118 -0.000815844239076
1996.78688525 1996-10-15T00:00:00 -0.000484447801175 0.000303424811206 -0.000474312932754
1996.87158470 1996-11-15T00:00:00 -0.000405523111987 -0.000436920656068 1.121482809e-05
1996.95355191 1996-12-15T00:00:00 -0.000163971291301 -0.00125278488943 0.000642372766411
1997.03835616 1997-01-15T00:00:00 0.000337803168605 -0.0020791998513 0.00116812482323
1997.12328767 1997-02-15T00:00:00 0.000554412854342 -0.00253512666783 0.00139726567068
1997.20000000 1997-03-15T00:00:00 0.000788638412837 -0.00309784191444 0.00178552852135
1997.28493151 1997-04-15T00:00:00 0.00144332847181 -0.00309175049326 0.00199776980376
1997.36712329 1997-05-15T00:00:00 0.00110055913309 -0.00302228194435 0.00135115964985
1997.45205479 1997-06-15T00:00:00 0.000401463815833 -0.00278441952212 -6.68421202374e-05
1997.53424658 1997-07-15T00:00:00 -0.000282287248502 -0.00135665333334 -0.000840042464936
1997.61917808 1997-08-15T00:00:00 -0.000656997560076 -0.000257057706032 -0.00112154259587
1997.70410959 1997-09-15T00:00:00 -0.000809459610038 0.000142622470917 -0.00105876115756
1997.78630137 1997-10-15T00:00:00 -0.000814016268332 -4.53863533548e-05 -0.000707370008164
1997.87123288 1997-11-15T00:00:00 -4.78096440159e-05 -0.000300501004404 -0.000233423563278
1997.95342466 1997-12-15T00:00:00 0.000599744083876 -0.00046778239586 0.000183333310705
1998.03835616 1998-01-15T00:00:00 0.00114827900753 -0.000603230830392 0.000757125091083
1998.12328767 1998-02-15T00:00:00 0.00144667028541 -0.000864449943225 0.00121462219692
1998.20000000 1998-03-15T00:00:00 0.0015604770019 -0.00115903321498 0.00161000993079
1998.28493151 1998-04-15T00:00:00 0.00144523227277 -0.00147013360492 0.00175789650161
1998.36712329 1998-05-15T00:00:00 0.000804289310779 -0.00141502279474 0.00123802216339
1998.45205479 1998-06-15T00:00:00 -6.68362815962e-05 -0.000866830344064 0.000169200670648
1998.53424658 1998-07-15T00:00:00 -0.000773220415558 0.000391836660943 -0.000672035171473
1998.61917808 1998-08-15T00:00:00 -0.000869853738631 0.00153488143806 -0.00114658704701
1998.70410959 1998-09-15T00:00:00 -0.000725080543327 0.00195461420018 -0.00100570160151
1998.78630137 1998-10-15T00:00:00 -0.000516615207718 0.0015617465386 -0.000537121794969
1998.87123288 1998-11-15T00:00:00 -0.000373888740009 0.00097508940412 -7.1523190683e-05
1998.95342466 1998-12-15T00:00:00 -0.000104822398179 0.000349952550043 0.000214198014021
1999.03835616 1999-01-15T00:00:00 0.000458575893784 -0.000267498962837 0.000760453713033
1999.12328767 1999-02-15T00:00:00 0.000992766596109 -0.00095246110478 0.00141864892052
1999.20000000 1999-03-15T00:00:00 0.00150649763602 -0.00131248463516 0.00166914786315
1999.28493151 1999-04-15T00:00:00 0.00132066438836 -0.00130232239048 0.00168291114777
1999.36712329 1999-05-15T00:00:00 0.000728575367989 -0.00110179109943 0.00124533082681
1999.45205479 1999-06-15T00:00:00 -7.26812076487e-05 -0.000662717134265 1.19562337921e-05
1999.53424658 1999-07-15T00:00:00 -0.000530986830785 3.91439758326e-05 -0.00112923782741
1999.61917808 1999-08-15T00:00:00 -0.000561817938242 0.00121859988361 -0.00139859522441
1999.70410959 1999-09-15T00:00:00 -0.000435770804472 0.00178912754724 -0.00120112457146
1999.78630137 1999-10-15T00:00:00 -0.000164177382764 0.0016610766081 -0.000813198359774
1999.87123288 1999-11-15T00:00:00 -0.00017055806979 0.00151532401552 -0.000474369397546
1999.95342466 1999-12-15T00:00:00 0.000209580016861 0.000963797015642 -6.09305085821e-05
2000.03825137 2000-01-15T00:00:00 0.000791974584734 0.000274543847223 0.000377666434613
2000.12295082 2000-02-15T00:00:00 0.000979042116136 7.08189419513e-05 0.000655348478681
2000.20218579 2000-03-15T00:00:00 0.00114307134775 -1.29490469093e-05 0.000643974407411
2000.28688525 2000-04-15T00:00:00 0.00109266620794 -0.000220881358846 0.000761503885215
2000.36885246 2000-05-15T00:00:00 0.000385847012775 -0.000319364382203 0.000197392683882
2000.45355191 2000-06-15T00:00:00 -0.000309848799263 -3.44427216511e-06 -0.00087463482399
2000.53551913 2000-07-15T00:00:00 -0.000562519402396 0.000636983275306 -0.00180171440942
2000.62021858 2000-08-15T00:00:00 -0.000758058195778 0.00144630763213 -0.00189634194171
2000.70491803 2000-09-15T00:00:00 -0.000871214583468 0.00168945339126 -0.00164530721773
2000.78688525 2000-10-15T00:00:00 -0.000875887645777 0.00157360431698 -0.00134335503896
2000.87158470 2000-11-15T00:00:00 -0.000784573177601 0.0011010481198 -0.00100184434061
2000.95355191 2000-12-15T00:00:00 -0.000361002697137 0.000818749688888 -0.000706163761301
2001.03835616 2001-01-15T00:00:00 0.000139783002234 0.000472843512736 -0.000215273882266
2001.12328767 2001-02-15T00:00:00 0.000484496194596 0.000287871337431 7.57076880087e-05
2001.20000000 2001-03-15T00:00:00 0.000755467285908 6.90980556832e-05 0.00043843783787
2001.28493151 2001-04-15T00:00:00 0.000816988872759 -0.000105186070563 0.000732548558679
2001.36712329 2001-05-15T00:00:00 5.07322735824e-05 -2.97908288475e-05 0.000308289337682
2001.45205479 2001-06-15T00:00:00 -0.000448938955314 0.000284590333789 -0.000813647033285
2001.53424658 2001-07-15T00:00:00 -0.000786232118245 0.000892636513052 -0.0019488237733
2001.61917808 2001-08-15T00:00:00 -0.00104513450204 0.00180997138782 -0.00217252981146
2001.70410959 2001-09-15T00:00:00 -0.00105851029873 0.00195577750984 -0.00193659911598
2001.78630137 2001-10-15T00:00:00 -0.00105261787965 0.00183810390604 -0.00162373623577
2001.87123288 2001-11-15T00:00:00 -0.000813371046545 0.00168545638151 -0.00115836710821
2001.95342466 2001-12-15T00:00:00 -0.000412407089548 0.000924761894951 -0.000640441107963
2002.03835616 2002-01-15T00:00:00 0.000211824329183 0.000418952288382 -4.79485576249e-05
2002.12328767 2002-02-15T00:00:00 0.000578119396816 8.51840611231e-05 0.000392009498977
2002.20000000 2002-03-15T00:00:00 0.000850094966313 -0.00015145640879 0.000853806774158
2002.28493151 2002-04-15T00:00:00 0.000965689974653 -0.00058769360707 0.00109687198285
2002.36712329 2002-05-15T00:00:00 0.000296960121711 -0.000652180538789 0.000671029283954
2002.45205479 2002-06-15T00:00:00 -0.000240102614738 -0.000599675218415 -0.000630017686997
2002.53424658 2002-07-15T00:00:00 -0.000743182890301 -2.78727254561e-05 -0.00174674769975
2002.61917808 2002-08-15T00:00:00 -0.000933771891987 0.000779877203403 -0.00207018492193
2002.70410959 2002-09-15T00:00:00 -0.000906777028647 0.00110818056255 -0.00190964279792
2002.78630137 2002-10-15T00:00:00 -0.000881834911466 0.00109543768201 -0.00141497156627
2002.87123288 2002-11-15T00:00:00 -0.000500734674909 0.000891902431611 -0.000901868029682
2002.95342466 2002-12-15T00:00:00 -0.000150524397399 0.000703656358677 -0.000467182592479
2003.03835616 2003-01-15T00:00:00 0.000263622766988 0.000675412230457 -4.99821026432e-05
2003.12328767 2003-02-15T00:00:00 0.000515810892492 0.000589142345445 0.000349148486545
2003.20000000 2003-03-15T00:00:00 0.000697713537957 0.000285757125017 0.000574453758075
2003.28493151 2003-04-15T00:00:00 0.00102508011943 -0.000135320411262 0.000667891213055
2003.36712329 2003-05-15T00:00:00 0.000489944494027 -0.000323294417371 0.000241531147187
2003.45205479 2003-06-15T00:00:00 0.000110617641554 -0.000279180557022 -0.000795872691214
2003.53424658 2003-07-15T00:00:00 -0.000248794520373 0.000848363411325 -0.001483174615
2003.61917808 2003-08-15T00:00:00 -0.000447045983652 0.0018742701922 -0.00164246672861
2003.70410959 2003-09-15T00:00:00 -0.000467144384906 0.00253226833171 -0.00117798244621
2003.78630137 2003-10-15T00:00:00 -0.000489373474623 0.00225257816042 -0.00083911954637
2003.87123288 2003-11-15T00:00:00 -0.000240460250703 0.00166331259605 -0.000335142778
2003.95342466 2003-12-15T00:00:00 4.21087678275e-05 0.00125984002531 0.000200437923138
2004.03825137 2004-01-15T00:00:00 0.000738621727474 0.000755179392187 0.000697728611576
2004.12295082 2004-02-15T00:00:00 0.00132050254365 0.000316228682412 0.00109459079001
2004.20218579 2004-03-15T00:00:00 0.00163920587157 -0.000105619491859 0.00137902130476
2004.28688525 2004-04-15T00:00:00 0.00179279378663 -0.000415860646164 0.00147480245491
2004.36885246 2004-05-15T00:00:00 0.00116473236979 -0.00065609793056 0.00119014244674
2004.45355191 2004-06-15T00:00:00 0.000282741069858 -0.000426978636086 0.000180793023071
2004.53551913 2004-07-15T00:00:00 -0.00027206229818 0.000282351819386 -0.000977115524414
2004.62021858 2004-08-15T00:00:00 -0.000526221065731 0.00120720313532 -0.00134445739708
2004.70491803 2004-09-15T00:00:00 -0.000735714305317 0.00153285411313 -0.000975019732521
2004.78688525 2004-10-15T00:00:00 -0.00077696097039 0.00137930566588 -0.000504097737976
2004.87158470 2004-11-15T00:00:00 -0.000412252462868 0.000904482308164 7.17615490257e-06
2004.95355191 2004-12-15T00:00:00 -4.18310547169e-07 0.000557752382377 0.000605010185911
2005.03835616 2005-01-15T00:00:00 0.000352428789995 0.000176458469777 0.00125866522221
2005.12328767 2005-02-15T00:00:00 0.000779890556343 -0.000598672544751 0.00185078260955
2005.20000000 2005-03-15T00:00:00 0.00111447720055 -0.00110417002893 0.00228659440588
2005.28493151 2005-04-15T00:00:00 0.000767481523179 -0.00134464577874 0.00237057812727
2005.36712329 2005-05-15T00:00:00 0.000339150662839 -0.00121729889774 0.00171209444005
2005.45205479 2005-06-15T00:00:00 -0.000384517743004 -0.000920491094195 0.000281355377215
2005.53424658 2005-07-15T00:00:00 -0.000962314223205 0.000168754187892 -0.000681480701938
2005.61917808 2005-08-15T00:00:00 -0.00131919407535 0.00128953737501 -0.000788340746816
2005.70410959 2005-09-15T00:00:00 -0.00130837773476 0.00172165991699 -0.000752477140613
2005.78630137 2005-10-15T00:00:00 -0.00120393253351 0.0015912375216 -0.000480097150646
2005.87123288 2005-11-15T00:00:00 -0.00102890788962 0.00112618348091 -0.000108355586691
2005.95342466 2005-12-15T00:00:00 -0.000549299463808 9.654840561e-05 0.00027498299897
2006.03835616 2006-01-15T00:00:00 5.59650113723e-05 -0.000703521999014 0.000604037669084
2006.12328767 2006-02-15T00:00:00 0.000656304212552 -0.00126582283753 0.00104580344408
2006.20000000 2006-03-15T00:00:00 0.00110500072744 -0.00132253122836 0.00141048676256
2006.28493151 2006-04-15T00:00:00 0.00109210068773 -0.00139533240919 0.00151686382344
2006.36712329 2006-05-15T00:00:00 0.000456815630493 -0.0011300662349 0.0010865787242
2006.45205479 2006-06-15T00:00:00 -0.000314838187112 -0.000536955505424 1.1603260282e-05
2006.53424658 2006-07-15T00:00:00 -0.00114340087137 0.000342328168429 -0.00108611251789
2006.61917808 2006-08-15T00:00:00 -0.00134523136076 0.00126333794933 -0.00125294743421
2006.70410959 2006-09-15T00:00:00 -0.00133415002757 0.00181497436221 -0.000861153627732
2006.78630137 2006-10-15T00:00:00 -0.00100180542183 0.00157375495623 -0.000507798493153
2006.87123288 2006-11-15T00:00:00 -0.000296313712263 0.00101146729892 8.89186644873e-05
2006.95342466 2006-12-15T00:00:00 0.000228126976383 0.000482481027188 0.000574483028642
