#Monthly Geocenter motion CM-CF  from the ESA earth system model. Columns denote
#Decimalyear isodate  x[m] y[m] z[m]
1995.03835616 1995-01-15T00:00:00 0.000438652296503 -0.00106274632992 0.00276143265285
1995.12328767 1995-02-15T00:00:00 0.000432564971142 -0.00104724405622 0.00272393139865
1995.20000000 1995-03-15T00:00:00 0.000426503394684 -0.00103180737331 0.00268658881025
1995.28493151 1995-04-15T00:00:00 0.000420236871949 -0.00101584874171 0.00264798359503
1995.36712329 1995-05-15T00:00:00 0.000413969786401 -0.000999888678281 0.00260937492518
1995.45205479 1995-06-15T00:00:00 0.000407702776685 -0.000983928825861 0.00257076676841
1995.53424658 1995-07-15T00:00:00 0.000401436246295 -0.000967970173459 0.00253216150563
1995.61917808 1995-08-15T00:00:00 0.000395066429606 -0.000951748483056 0.0024929199462
1995.70410959 1995-09-15T00:00:00 0.000388799322252 -0.000935788358046 0.00245431114395
1995.78630137 1995-10-15T00:00:00 0.000382532817203 -0.000919829775528 0.00241570604827
1995.87123288 1995-11-15T00:00:00 0.000376265770613 -0.000903869813039 0.00237709762268
1995.95342466 1995-12-15T00:00:00 0.000369998683136 -0.000887909749841 0.00233848895835
1996.03825137 1996-01-15T00:00:00 0.00036363824331 -0.000871711954387 0.00229930518241
1996.12295082 1996-02-15T00:00:00 0.000357490914194 -0.000856056867122 0.00226143426202
1996.20218579 1996-03-15T00:00:00 0.00035134370891 -0.0008404020879 0.00222356408107
1996.28688525 1996-04-15T00:00:00 0.000345093797028 -0.000824485773485 0.00218506122553
1996.36885246 1996-05-15T00:00:00 0.000338844110615 -0.000808570020265 0.00214655973486
1996.45355191 1996-06-15T00:00:00 0.000332594403971 -0.000792654217887 0.00210805813397
1996.53551913 1996-07-15T00:00:00 0.00032634458642 -0.000776738141615 0.00206955585575
1996.62021858 1996-08-15T00:00:00 0.000319992410535 -0.000760561381332 0.00203042296897
1996.70491803 1996-09-15T00:00:00 0.000313742726775 -0.000744645613929 0.00199192145673
1996.78688525 1996-10-15T00:00:00 0.000307492816855 -0.000728729298712 0.00195341860112
1996.87158470 1996-11-15T00:00:00 0.000301243101997 -0.000712813474008 0.00191491693774
1996.95355191 1996-12-15T00:00:00 0.000294993368241 -0.000696897605531 0.00187641517439
1997.03835616 1997-01-15T00:00:00 0.000288632333677 -0.000680698291541 0.00183722772989
1997.12328767 1997-02-15T00:00:00 0.000282570703491 -0.000665261454304 0.00179988478438
1997.20000000 1997-03-15T00:00:00 0.000276509132062 -0.000649824775261 0.00176254219751
1997.28493151 1997-04-15T00:00:00 0.000270242606775 -0.000633866142363 0.00172393698533
1997.36712329 1997-05-15T00:00:00 0.000263975519306 -0.000617906080189 0.00168532831528
1997.45205479 1997-06-15T00:00:00 0.00025770851431 -0.000601946222281 0.00164672014914
1997.53424658 1997-07-15T00:00:00 0.000251441980771 -0.000585987566706 0.00160811488453
1997.61917808 1997-08-15T00:00:00 0.000245072163139 -0.000569765885162 0.00156887333789
1997.70410959 1997-09-15T00:00:00 0.00023880506009 -0.000553805766016 0.00153026453445
1997.78630137 1997-10-15T00:00:00 0.000232538554465 -0.000537847179496 0.00149165943469
1997.87123288 1997-11-15T00:00:00 0.000226271508015 -0.000521887221214 0.00145305101735
1997.95342466 1997-12-15T00:00:00 0.000220004419993 -0.000505927151776 0.00141444233938
1998.03835616 1998-01-15T00:00:00 0.000213635198136 -0.000489706984657 0.00137520445599
1998.12328767 1998-02-15T00:00:00 0.000207573568031 -0.000474270148129 0.00133786151449
1998.20000000 1998-03-15T00:00:00 0.000201511995015 -0.00045883345966 0.00130051892081
1998.28493151 1998-04-15T00:00:00 0.000195245470489 -0.000442874829395 0.0012619137112
1998.36712329 1998-05-15T00:00:00 0.00018897838236 -0.00042691476595 0.00122330504277
1998.45205479 1998-06-15T00:00:00 0.000182711378985 -0.000410954906421 0.00118469687003
1998.53424658 1998-07-15T00:00:00 0.000176444845435 -0.000394996249949 0.00114609160325
1998.61917808 1998-08-15T00:00:00 0.000170075027577 -0.000378774566604 0.00110685005698
1998.70410959 1998-09-15T00:00:00 0.000163807923139 -0.000362814456495 0.00106824126708
1998.78630137 1998-10-15T00:00:00 0.000157541417036 -0.000346855873041 0.00102963617128
1998.87123288 1998-11-15T00:00:00 0.000151274370006 -0.000330895912149 0.000991027752505
1998.95342466 1998-12-15T00:00:00 0.000145007283959 -0.000314935844461 0.00095241907309
1999.03835616 1999-01-15T00:00:00 0.000138638062515 -0.000298715675817 0.000913181186966
1999.12328767 1999-02-15T00:00:00 0.000132576431963 -0.000283278836745 0.000875838241999
1999.20000000 1999-03-15T00:00:00 0.000126514858591 -0.000267842148773 0.000838495646721
1999.28493151 1999-04-15T00:00:00 0.000120248333928 -0.000251883522499 0.000799890437613
1999.36712329 1999-05-15T00:00:00 0.000113981246427 -0.000235923455497 0.000761281762977
1999.45205479 1999-06-15T00:00:00 0.000107714242629 -0.00021996360099 0.000722673597504
1999.53424658 1999-07-15T00:00:00 0.000101447710153 -0.000204004946285 0.000684068331654
1999.61917808 1999-08-15T00:00:00 9.50778924985e-05 -0.00018778326041 0.000644826779561
1999.70410959 1999-09-15T00:00:00 8.88107866347e-05 -0.000171823149694 0.000606217993798
1999.78630137 1999-10-15T00:00:00 8.25442804241e-05 -0.00015586456752 0.000567612900516
1999.87123288 1999-11-15T00:00:00 7.62772344802e-05 -0.000139904603214 0.000529004473431
1999.95342466 1999-12-15T00:00:00 7.00101475488e-05 -0.000123944538858 0.000490395801244
2000.03825137 2000-01-15T00:00:00 6.36497086613e-05 -0.000107746742529 0.000451212025871
2000.12295082 2000-02-15T00:00:00 5.75023792031e-05 -9.20916549829e-05 0.000413341108615
2000.20218579 2000-03-15T00:00:00 5.13551683543e-05 -7.64368723336e-05 0.000375470928022
2000.28688525 2000-04-15T00:00:00 4.51052594252e-05 -6.05205564676e-05 0.000336968072309
2000.36885246 2000-05-15T00:00:00 3.88555725623e-05 -4.46048028845e-05 0.000298466581691
2000.45355191 2000-06-15T00:00:00 3.26058663632e-05 -2.86889994439e-05 0.000259964970996
2000.53551913 2000-07-15T00:00:00 2.63560511052e-05 -1.27729221226e-05 0.00022146269229
2000.62021858 2000-08-15T00:00:00 2.00038743459e-05 3.40383711607e-06 0.000182329808483
2000.70491803 2000-09-15T00:00:00 1.37541874744e-05 1.93195903962e-05 0.000143828318377
2000.78688525 2000-10-15T00:00:00 7.5042785557e-06 3.52359071916e-05 0.000105325460678
2000.87158470 2000-11-15T00:00:00 1.25456350761e-06 5.11517322537e-05 6.6823797231e-05
2000.95355191 2000-12-15T00:00:00 -4.99516843777e-06 6.70676001994e-05 2.83220298828e-05
2001.03835616 2001-01-15T00:00:00 -1.13562027453e-05 8.32669145749e-05 -1.08654162246e-05
2001.12328767 2001-02-15T00:00:00 -1.74178325457e-05 9.87037529399e-05 -4.82083623138e-05
2001.20000000 2001-03-15T00:00:00 -2.34794060329e-05 0.000114140448079 -8.55509615237e-05
2001.28493151 2001-04-15T00:00:00 -2.97459311358e-05 0.000130099083503 -0.00012415617413
2001.36712329 2001-05-15T00:00:00 -3.6013017876e-05 0.000146059148604 -0.000162764847062
2001.45205479 2001-06-15T00:00:00 -4.22800220463e-05 0.000162019003659 -0.000201373011945
2001.53424658 2001-07-15T00:00:00 -4.85465552691e-05 0.000177977656331 -0.000239978273895
2001.61917808 2001-08-15T00:00:00 -5.49163726504e-05 0.000194199340611 -0.000279219824891
2001.70410959 2001-09-15T00:00:00 -6.11834781119e-05 0.000210159453886 -0.000317828614103
2001.78630137 2001-10-15T00:00:00 -6.74499844022e-05 0.000226118036968 -0.000356433709254
2001.87123288 2001-11-15T00:00:00 -7.37170305658e-05 0.000242077999216 -0.000395042132889
2001.95342466 2001-12-15T00:00:00 -7.99841171941e-05 0.000258038065456 -0.000433650807989
2002.03835616 2002-01-15T00:00:00 -8.63533390663e-05 0.000274258229106 -0.000472888687479
2002.12328767 2002-02-15T00:00:00 -9.24149691396e-05 0.000289695067513 -0.000510231633416
2002.20000000 2002-03-15T00:00:00 -9.84765423018e-05 0.000305131765059 -0.000547574236456
2002.28493151 2002-04-15T00:00:00 -0.00010474306736 0.000321090395234 -0.000586179445538
2002.36712329 2002-05-15T00:00:00 -0.000111010154326 0.000337050458245 -0.00062478811573
2002.45205479 2002-06-15T00:00:00 -0.000117277158881 0.000353010315225 -0.000663396282491
2002.53424658 2002-07-15T00:00:00 -0.000123543691146 0.000368968969729 -0.00070200154829
2002.61917808 2002-08-15T00:00:00 -0.000129913508721 0.000385190653405 -0.000741243099132
2002.70410959 2002-09-15T00:00:00 -0.000136180614639 0.000401150768145 -0.000779851889135
2002.78630137 2002-10-15T00:00:00 -0.00014244712067 0.000417109350087 -0.000818456982648
2002.87123288 2002-11-15T00:00:00 -0.000148714166797 0.000433069307203 -0.000857065400656
2002.95342466 2002-12-15T00:00:00 -0.000154981254248 0.000449029373146 -0.000895674072959
2003.03835616 2003-01-15T00:00:00 -0.000161350475203 0.000465249543494 -0.00093491196232
2003.12328767 2003-02-15T00:00:00 -0.00016741210461 0.000480686383422 -0.000972254913155
2003.20000000 2003-03-15T00:00:00 -0.000173473678719 0.000496123079341 -0.00100959751003
2003.28493151 2003-04-15T00:00:00 -0.000179740203942 0.000512081705432 -0.00104820271881
2003.36712329 2003-05-15T00:00:00 -0.000186007290246 0.000528041760923 -0.00108681138799
2003.45205479 2003-06-15T00:00:00 -0.000192274294928 0.000544001614915 -0.00112541954799
2003.53424658 2003-07-15T00:00:00 -0.000198540828663 0.00055996027193 -0.00116402481516
2003.61917808 2003-08-15T00:00:00 -0.000204910645232 0.000576181960526 -0.00120326637263
2003.70410959 2003-09-15T00:00:00 -0.000211177751544 0.00059214207102 -0.00124187515542
2003.78630137 2003-10-15T00:00:00 -0.000217444257305 0.000608100656162 -0.00128048025451
2003.87123288 2003-11-15T00:00:00 -0.000223711301086 0.000624060617605 -0.0013190886836
2003.95342466 2003-12-15T00:00:00 -0.000229978389503 0.000640020680491 -0.00135769735196
2004.03825137 2004-01-15T00:00:00 -0.000236338827827 0.000656218482449 -0.00139688113356
2004.12295082 2004-02-15T00:00:00 -0.000242486157693 0.000671873572569 -0.00143475205346
2004.20218579 2004-03-15T00:00:00 -0.000248633369793 0.000687528352059 -0.00147262222812
2004.28688525 2004-04-15T00:00:00 -0.000254883278187 0.000703444668373 -0.00151112508528
2004.36885246 2004-05-15T00:00:00 -0.000261132964213 0.000719360413461 -0.00154962656676
2004.45355191 2004-06-15T00:00:00 -0.000267382670893 0.000735276212711 -0.00158812817037
2004.53551913 2004-07-15T00:00:00 -0.000273632486354 0.000751192292911 -0.00162663045248
2004.62021858 2004-08-15T00:00:00 -0.000279984664072 0.000767369054714 -0.00166576333729
2004.70491803 2004-09-15T00:00:00 -0.000286234351618 0.000783284803647 -0.00170426482171
2004.78688525 2004-10-15T00:00:00 -0.000292484260107 0.000799201124182 -0.00174276768442
2004.87158470 2004-11-15T00:00:00 -0.000298733971543 0.000815116961203 -0.00178126936865
2004.95355191 2004-12-15T00:00:00 -0.000297027829256 0.000760713572588 -0.00182853136331
2005.03835616 2005-01-15T00:00:00 -0.000268392213395 0.000466324490337 -0.0019062415464
2005.12328767 2005-02-15T00:00:00 -0.000273806611492 0.000474023538077 -0.00194427780401
2005.20000000 2005-03-15T00:00:00 -0.000279220954585 0.000481722443819 -0.00198231371014
2005.28493151 2005-04-15T00:00:00 -0.000284818307878 0.000489680991836 -0.00202163573723
2005.36712329 2005-05-15T00:00:00 -0.000290416224328 0.000497640968808 -0.00206096121895
2005.45205479 2005-06-15T00:00:00 -0.00029601405645 0.00050560073614 -0.00210028619714
2005.53424658 2005-07-15T00:00:00 -0.0003016114197 0.000513559304772 -0.00213960826949
2005.61917808 2005-08-15T00:00:00 -0.000307301094836 0.000521649751914 -0.00217957838399
2005.70410959 2005-09-15T00:00:00 -0.000312899030479 0.000529609777244 -0.00221890398157
2005.78630137 2005-10-15T00:00:00 -0.00031849636424 0.000537568276972 -0.00225822589234
2005.87123288 2005-11-15T00:00:00 -0.000324094240921 0.000545528150433 -0.00229755112434
2005.95342466 2005-12-15T00:00:00 -0.000329704461616 0.000553635265975 -0.0023368634245
2006.03835616 2006-01-15T00:00:00 -0.00033585294498 0.000567216440791 -0.00237633775635
2006.12328767 2006-02-15T00:00:00 -0.000341914574617 0.000582653274279 -0.00241368069914
2006.20000000 2006-03-15T00:00:00 -0.000347976149658 0.000598089970483 -0.00245102329448
2006.28493151 2006-04-15T00:00:00 -0.00035424267558 0.00061404860595 -0.00248962850303
2006.36712329 2006-05-15T00:00:00 -0.000360509762564 0.000630008666676 -0.00252823717518
2006.45205479 2006-06-15T00:00:00 -0.000366776765189 0.000645968529832 -0.00256684534912
2006.53424658 2006-07-15T00:00:00 -0.000373043300458 0.000661927194965 -0.00260545062253
2006.61917808 2006-08-15T00:00:00 -0.000379413117547 0.000678148875442 -0.00264469217211
2006.70410959 2006-09-15T00:00:00 -0.00038568022127 0.000694108988695 -0.00268330095592
2006.78630137 2006-10-15T00:00:00 -0.000391946732493 0.000710067573183 -0.00272190604454
2006.87123288 2006-11-15T00:00:00 -0.000398213776779 0.000726027532462 -0.0027605144683
2006.95342466 2006-12-15T00:00:00 -0.000404480859183 0.000741987597248 -0.00279912314926
