#Monthly Geocenter motion CM-CF  from the ESA earth system model. Columns denote
#Decimalyear isodate  x[m] y[m] z[m]
1995.03835616 1995-01-15T00:00:00 0.000769237803474 0.00021935986441 -0.000309851638117
1995.12328767 1995-02-15T00:00:00 0.000626316367891 -0.000294067448076 8.03763341807e-05
1995.20000000 1995-03-15T00:00:00 0.000690946062193 -0.000449250662434 -0.000691729839287
1995.28493151 1995-04-15T00:00:00 0.000937180454227 8.14113594145e-05 0.000433286137183
1995.36712329 1995-05-15T00:00:00 0.000689145971926 -0.000106017726843 0.000426669070801
1995.45205479 1995-06-15T00:00:00 0.0001246709363 -0.000103335486642 -0.00146182373699
1995.53424658 1995-07-15T00:00:00 -0.000320975990391 0.000112368167068 -0.00196613218033
1995.61917808 1995-08-15T00:00:00 -0.00101336169991 0.000321836319664 -0.000661731706381
1995.70410959 1995-09-15T00:00:00 -0.000961202902163 0.000179282910296 -0.000373938894511
1995.78630137 1995-10-15T00:00:00 -0.000927467739347 -0.000102269177177 -0.000291240462912
1995.87123288 1995-11-15T00:00:00 0.000442811232852 -0.000220999642176 -0.000428506307443
1995.95342466 1995-12-15T00:00:00 0.00126140198023 0.000340753172046 -0.000218718137386
1996.03825137 1996-01-15T00:00:00 0.00159795468867 0.000910606645839 0.000378654083372
1996.12295082 1996-02-15T00:00:00 0.000876042320991 0.00061834804201 -0.00102818054462
1996.20218579 1996-03-15T00:00:00 0.00194539589552 0.000625436046594 0.000666227187683
1996.28688525 1996-04-15T00:00:00 0.000784928531893 0.000379271846496 0.000833626451082
1996.36885246 1996-05-15T00:00:00 -0.000176349777451 -0.000201436051931 0.00160446861154
1996.45355191 1996-06-15T00:00:00 -0.000665494445951 0.000702794462865 3.92882052408e-05
1996.53551913 1996-07-15T00:00:00 -0.000369966744116 -0.000319717835869 0.000751441999277
1996.62021858 1996-08-15T00:00:00 -0.000407449517723 0.000330337613562 6.07159425169e-05
1996.70491803 1996-09-15T00:00:00 -0.00105209163075 -0.000263209400655 -0.000628394312183
1996.78688525 1996-10-15T00:00:00 -0.000413835651245 -0.000243276931117 -0.000247159745129
1996.87158470 1996-11-15T00:00:00 0.00203709050674 -0.000146374583263 0.000163321859019
1996.95355191 1996-12-15T00:00:00 0.000861503639558 7.77263413316e-05 -0.000811484158328
1997.03835616 1997-01-15T00:00:00 0.00171331162457 0.000113637200125 0.000261646326718
1997.12328767 1997-02-15T00:00:00 0.000333047621008 0.000190474392407 0.000332457513468
1997.20000000 1997-03-15T00:00:00 0.000756250451457 -0.000313393177962 0.00159266664763
1997.28493151 1997-04-15T00:00:00 0.00212947258896 0.000425989618374 0.000906671385801
1997.36712329 1997-05-15T00:00:00 -0.000161540821329 -0.000399175170853 0.00166713774458
1997.45205479 1997-06-15T00:00:00 -0.00104640131609 -0.000190095252497 0.000328808372703
1997.53424658 1997-07-15T00:00:00 -0.000953438411114 0.000466474511109 0.000284844533414
1997.61917808 1997-08-15T00:00:00 -0.000708188538519 -0.000146356560353 0.000713519585132
1997.70410959 1997-09-15T00:00:00 -7.32865898982e-05 -0.000413377272985 -0.000475711140474
1997.78630137 1997-10-15T00:00:00 -0.000848882035006 -0.000129515758833 -0.000268327119508
1997.87123288 1997-11-15T00:00:00 0.000952845357446 -0.000143168683953 -0.000445354831838
1997.95342466 1997-12-15T00:00:00 0.000411211379405 5.95271129734e-05 -0.000508092313192
1998.03835616 1998-01-15T00:00:00 0.000940848240187 -0.000614538472666 0.000373836639721
1998.12328767 1998-02-15T00:00:00 0.00018969504634 -0.000441467701229 0.000486602479975
1998.20000000 1998-03-15T00:00:00 0.000782395149837 -8.44725742656e-05 0.000986451180836
1998.28493151 1998-04-15T00:00:00 0.000382135657273 0.000259785879842 0.000652524187565
1998.36712329 1998-05-15T00:00:00 -0.000213386801706 9.377472561e-05 0.000409062665897
1998.45205479 1998-06-15T00:00:00 -0.0018478323035 -0.000471527930457 0.000891517233667
1998.53424658 1998-07-15T00:00:00 -0.000694469083811 0.000208888762565 0.000683265063414
1998.61917808 1998-08-15T00:00:00 -0.00185864084083 -6.98673973247e-06 0.000612749740049
1998.70410959 1998-09-15T00:00:00 -0.000970543489693 -0.000222194457097 3.10241124038e-05
1998.78630137 1998-10-15T00:00:00 -8.1219397863e-05 -0.000203259432755 -0.000103353131909
1998.87123288 1998-11-15T00:00:00 -0.000219156817824 -0.000270965058802 0.000849718957595
1998.95342466 1998-12-15T00:00:00 0.000745086471457 0.000373622591959 0.000592712734267
1999.03835616 1999-01-15T00:00:00 0.00098167676539 0.000428153437314 0.000586699665841
1999.12328767 1999-02-15T00:00:00 0.000643631998985 4.18413399754e-05 0.00055053967053
1999.20000000 1999-03-15T00:00:00 0.000681041739254 0.000723463902881 0.000371770916237
1999.28493151 1999-04-15T00:00:00 0.000177234644643 -0.000155343278247 0.00121337505193
1999.36712329 1999-05-15T00:00:00 -0.000231408220293 0.000575827359901 0.000559492175177
1999.45205479 1999-06-15T00:00:00 -0.000846115554697 0.000105238082068 0.000589875475838
1999.53424658 1999-07-15T00:00:00 -0.00158962801121 0.000513318055542 0.000879225599804
1999.61917808 1999-08-15T00:00:00 -0.00121686726763 7.37770948586e-05 2.19470361844e-05
1999.70410959 1999-09-15T00:00:00 -0.000725665080083 -1.67834738444e-05 -0.000200538988788
1999.78630137 1999-10-15T00:00:00 -0.000705703173129 0.00018687538512 -0.000161434231381
1999.87123288 1999-11-15T00:00:00 -0.000132360352953 -7.82013129551e-05 0.000249480041885
1999.95342466 1999-12-15T00:00:00 0.000965056367759 0.000823783113861 -0.000595600936512
2000.03825137 2000-01-15T00:00:00 0.00186082031641 0.00101007119594 -0.000338666426409
2000.12295082 2000-02-15T00:00:00 0.00121586609522 0.000334715378794 0.000748494372682
2000.20218579 2000-03-15T00:00:00 -0.000114513629788 -0.000115761896384 0.000415418763678
2000.28688525 2000-04-15T00:00:00 0.00053714730036 0.000202972550268 0.000127634926416
2000.36885246 2000-05-15T00:00:00 -8.03172732226e-05 0.000515159329245 0.000497960020804
2000.45355191 2000-06-15T00:00:00 -0.00036537572796 0.000606734049299 0.000326610551356
2000.53551913 2000-07-15T00:00:00 -0.0019768381637 -0.000318864326594 8.89856010135e-05
2000.62021858 2000-08-15T00:00:00 -0.000912566684456 -4.38363333789e-05 -0.000381611773441
2000.70491803 2000-09-15T00:00:00 -0.00106199462154 -0.000420259577256 -0.00089073810315
2000.78688525 2000-10-15T00:00:00 -0.000143067410599 3.78145174477e-07 -0.000830374960485
2000.87158470 2000-11-15T00:00:00 0.000166916289823 -0.00017787043812 -0.00112781756036
2000.95355191 2000-12-15T00:00:00 0.00051037400336 -0.000298505342043 -0.000259527093245
2001.03835616 2001-01-15T00:00:00 0.0015129969928 0.000493911491994 -0.000695375000787
2001.12328767 2001-02-15T00:00:00 0.000860060164794 -0.00021083360292 0.000669171750279
2001.20000000 2001-03-15T00:00:00 0.00165185309694 0.000343838675546 -0.000361239788126
2001.28493151 2001-04-15T00:00:00 0.000637810714862 0.000337166741967 1.48476466889e-05
2001.36712329 2001-05-15T00:00:00 -9.09030282303e-05 0.000362543647178 -2.18849333125e-05
2001.45205479 2001-06-15T00:00:00 -0.000503155505215 0.000378473754023 -0.000190694880974
2001.53424658 2001-07-15T00:00:00 -0.00112034664829 -0.000301056440564 -0.000178478241589
2001.61917808 2001-08-15T00:00:00 -0.000758504136559 2.16219058015e-05 0.000223674488015
2001.70410959 2001-09-15T00:00:00 -0.00105783355832 2.65492819495e-06 -0.000366501461217
2001.78630137 2001-10-15T00:00:00 9.7442805524e-05 -0.00017609210686 2.31776097926e-05
2001.87123288 2001-11-15T00:00:00 0.000932215548273 0.000621724675923 -0.000549049297972
2001.95342466 2001-12-15T00:00:00 0.00161244211761 0.000369521481132 0.000118391209483
2002.03835616 2002-01-15T00:00:00 0.00198327850719 0.000968816660774 1.11368874379e-05
2002.12328767 2002-02-15T00:00:00 0.000323890333561 -0.000254780186627 0.000809722840465
2002.20000000 2002-03-15T00:00:00 0.000658129540839 0.000104811692984 5.30978902194e-05
2002.28493151 2002-04-15T00:00:00 0.000332169866408 0.000108396515489 0.000795338312991
2002.36712329 2002-05-15T00:00:00 -0.00034249572576 -0.000688613628448 -0.000309494033222
2002.45205479 2002-06-15T00:00:00 -0.000644055204967 -0.000486772531893 -0.000577713288369
2002.53424658 2002-07-15T00:00:00 -0.0024486169365 -0.0013125116393 0.000740144108719
2002.61917808 2002-08-15T00:00:00 -0.00108818455213 -0.000399666628523 -0.000376914949506
2002.70410959 2002-09-15T00:00:00 -0.0012071037224 -0.000588199578814 -0.00041275083092
2002.78630137 2002-10-15T00:00:00 -0.000401400160187 -0.000379114766383 -0.00114287075322
2002.87123288 2002-11-15T00:00:00 2.15698254819e-05 0.000238353940546 -0.000775178856688
2002.95342466 2002-12-15T00:00:00 0.000481370559891 0.000382936631968 -0.000207873722503
2003.03835616 2003-01-15T00:00:00 0.000816983868712 -0.000269453004414 -0.000417070908655
2003.12328767 2003-02-15T00:00:00 0.000510940915793 -6.45987328409e-06 1.91473156417e-05
2003.20000000 2003-03-15T00:00:00 0.00088562749115 -0.000394451473125 0.000138361650708
2003.28493151 2003-04-15T00:00:00 -0.000195259142929 1.05418459525e-05 0.000399218884832
2003.36712329 2003-05-15T00:00:00 -0.000665933383181 -0.000532174830714 0.000416856815546
2003.45205479 2003-06-15T00:00:00 0.000296016705348 0.000360497196598 -0.000539981738754
2003.53424658 2003-07-15T00:00:00 -0.000995595413661 0.000105286394744 0.000281619180062
2003.61917808 2003-08-15T00:00:00 -0.00106871186241 -0.000201048973087 0.000436586530643
2003.70410959 2003-09-15T00:00:00 -0.000513550165075 -0.000256467891328 -9.95879452082e-05
2003.78630137 2003-10-15T00:00:00 -0.000113436170093 -0.000108222079628 -0.00116742854272
2003.87123288 2003-11-15T00:00:00 0.000471038255432 0.000292528347217 -0.000521015490488
2003.95342466 2003-12-15T00:00:00 0.000343687397058 0.000135155644113 -0.000975983647835
2004.03825137 2004-01-15T00:00:00 0.00161682529887 0.000521371853499 -0.000660677523428
2004.12295082 2004-02-15T00:00:00 0.000945925410727 -0.000799998861591 0.000438709052481
2004.20218579 2004-03-15T00:00:00 -2.62595927815e-05 -0.000234327305448 0.000783855792768
2004.28688525 2004-04-15T00:00:00 0.000181968717459 0.000121235192608 0.000169296920725
2004.36885246 2004-05-15T00:00:00 -0.00110229414753 -0.00102697314645 0.00113479884274
2004.45355191 2004-06-15T00:00:00 -0.00205037949069 -0.000608430422842 0.000934780774395
2004.53551913 2004-07-15T00:00:00 -0.000653805499627 -9.72809305634e-06 -0.00058909716499
2004.62021858 2004-08-15T00:00:00 -0.000159325570697 -9.01245855698e-05 -0.000557118697372
2004.70491803 2004-09-15T00:00:00 -0.000281813057288 -0.000193809522383 -0.000537572809868
2004.78688525 2004-10-15T00:00:00 -0.000735925640372 -0.000187528815672 -0.000875744790944
2004.87158470 2004-11-15T00:00:00 0.000377378883662 0.000150241613194 -0.000590898680071
2004.95355191 2004-12-15T00:00:00 0.000757698726216 0.000412878811469 -0.000550603045082
2005.03835616 2005-01-15T00:00:00 0.00142139921593 -0.000571432004132 6.6878040423e-05
2005.12328767 2005-02-15T00:00:00 0.000740410133152 -0.000262452894758 7.82411712583e-06
2005.20000000 2005-03-15T00:00:00 0.00150811926385 0.000174990371352 -0.000493484259847
2005.28493151 2005-04-15T00:00:00 -0.000389469366407 -0.00050821512862 0.000602799123977
2005.36712329 2005-05-15T00:00:00 -0.000932912696829 -6.82579400954e-07 -0.000235601159924
2005.45205479 2005-06-15T00:00:00 -0.000168661524997 -0.000352446297355 -0.000768806867887
2005.53424658 2005-07-15T00:00:00 -0.00233935205252 -0.000335535576449 0.000262174613924
2005.61917808 2005-08-15T00:00:00 -0.0013272423656 -0.000106212650553 -0.000432954554204
2005.70410959 2005-09-15T00:00:00 -0.00173936795595 -0.000775867133457 -5.65807459465e-05
2005.78630137 2005-10-15T00:00:00 -0.00135461207945 -0.000568332362517 -0.000870733753377
2005.87123288 2005-11-15T00:00:00 -0.000440682413447 -0.000520064993973 -0.000986778024389
2005.95342466 2005-12-15T00:00:00 0.000782288328973 -0.000552177916841 -0.00119824371413
2006.03835616 2006-01-15T00:00:00 0.000509965427995 0.000586538572509 0.000420410927231
2006.12328767 2006-02-15T00:00:00 0.000861484517906 0.000320940189478 0.00010124357365
2006.20000000 2006-03-15T00:00:00 0.00116406643896 9.13171318734e-05 3.17409635972e-05
2006.28493151 2006-04-15T00:00:00 0.000658114549507 -0.000292192059779 0.000457184292383
2006.36712329 2006-05-15T00:00:00 -7.34318434132e-05 8.0535959693e-05 0.000709940203888
2006.45205479 2006-06-15T00:00:00 -0.000305010597507 0.000696681320823 0.000559983960095
2006.53424658 2006-07-15T00:00:00 -0.00150792910565 -0.000360439547961 3.15839149179e-05
2006.61917808 2006-08-15T00:00:00 -0.00149382487705 -0.000449403038065 -0.000380277977465
2006.70410959 2006-09-15T00:00:00 -0.00147157417548 -0.000489787398016 -0.000488903461911
2006.78630137 2006-10-15T00:00:00 -0.000359054117941 3.21139660433e-05 -0.000250133657791
2006.87123288 2006-11-15T00:00:00 0.00102275056125 0.000294232180869 -0.00108337821108
2006.95342466 2006-12-15T00:00:00 0.00105002751016 0.00097272124764 -0.000189130391666
