#Monthly Geocenter motion CM-CF  from the ESA earth system model. Columns denote
#Decimalyear isodate  x[m] y[m] z[m]
1995.03835616 1995-01-15T00:00:00 0.00129717767324 0.00160031677711 0.0015319712379
1995.12328767 1995-02-15T00:00:00 5.43616386159e-05 0.000687624108884 0.000709750455029
1995.20000000 1995-03-15T00:00:00 -0.000178337516621 0.000396702142696 0.000842050082097
1995.28493151 1995-04-15T00:00:00 -0.000668851359916 -4.05719639812e-05 0.000484189172477
1995.36712329 1995-05-15T00:00:00 -0.000203640643128 -0.000578965058141 0.000423707613199
1995.45205479 1995-06-15T00:00:00 -0.000546924340781 -0.00161411921942 -0.00223013950988
1995.53424658 1995-07-15T00:00:00 -0.000836824428424 -0.00193601285193 -0.00393306335814
1995.61917808 1995-08-15T00:00:00 -0.000974846528646 -0.00112811186868 -0.00197379491446
1995.70410959 1995-09-15T00:00:00 -0.000167486105531 -0.000625378843379 0.000905518597433
1995.78630137 1995-10-15T00:00:00 9.44834759156e-05 0.000713564187848 0.000659054195455
1995.87123288 1995-11-15T00:00:00 0.000490165852662 0.00078742680632 0.000777748933656
1995.95342466 1995-12-15T00:00:00 0.00103507826811 0.00148301272166 0.0020474193194
1996.03825137 1996-01-15T00:00:00 0.000484832847184 0.00153516221815 0.00117012414579
1996.12295082 1996-02-15T00:00:00 -7.09972146967e-05 0.00132438759934 4.17409086706e-05
1996.20218579 1996-03-15T00:00:00 -0.000102329154672 0.000339496922996 0.00212955338867
1996.28688525 1996-04-15T00:00:00 -0.000243809616426 0.000146318343289 0.000460252753534
1996.36885246 1996-05-15T00:00:00 -0.000531477918571 -0.000636432872677 0.000193543214446
1996.45355191 1996-06-15T00:00:00 1.67929469674e-05 -0.00170701685747 -0.00152268636472
1996.53551913 1996-07-15T00:00:00 -9.38387213558e-05 -0.00208882107542 -0.00152188610782
1996.62021858 1996-08-15T00:00:00 -0.000173680840083 -0.00120139674667 -0.00147202313426
1996.70491803 1996-09-15T00:00:00 -0.000326325516092 -0.000756199213755 -0.00076327507069
1996.78688525 1996-10-15T00:00:00 8.98759715275e-05 0.000755834496902 0.00165930663492
1996.87158470 1996-11-15T00:00:00 0.000671538242647 0.00153705107798 0.00214947892193
1996.95355191 1996-12-15T00:00:00 0.000728352643692 0.00137584256181 0.000373096425257
1997.03835616 1997-01-15T00:00:00 0.00022373666088 0.00101236696325 -5.03200704236e-05
1997.12328767 1997-02-15T00:00:00 0.00105327972423 0.00023146050417 -4.59497453972e-05
1997.20000000 1997-03-15T00:00:00 -0.000318818799044 0.00013150581139 0.000858010953179
1997.28493151 1997-04-15T00:00:00 -0.00063795114814 9.69122574434e-05 -0.000417339870596
1997.36712329 1997-05-15T00:00:00 -4.47782841841e-05 -0.000974566862047 0.000369170006418
1997.45205479 1997-06-15T00:00:00 -0.000915928133982 -0.000952177705302 -0.00272427679414
1997.53424658 1997-07-15T00:00:00 -0.000382871799843 -0.00177997825949 -0.0013598355116
1997.61917808 1997-08-15T00:00:00 -1.49987779576e-05 -0.00146232675836 -0.000512082844595
1997.70410959 1997-09-15T00:00:00 -0.000116679814656 0.000639175757787 0.000574706223991
1997.78630137 1997-10-15T00:00:00 -0.000279629548241 0.00133142573494 0.000906063491528
1997.87123288 1997-11-15T00:00:00 0.000410047031333 0.00180233330771 -0.000583864207785
1997.95342466 1997-12-15T00:00:00 0.000742980076298 0.00189106345283 -0.000958972020062
1998.03835616 1998-01-15T00:00:00 0.000817219961671 0.00169326471394 0.00181586264226
1998.12328767 1998-02-15T00:00:00 0.000825950520642 0.00118177714911 -0.000638183938017
1998.20000000 1998-03-15T00:00:00 0.000316472428182 0.000676834482639 0.00118513378604
1998.28493151 1998-04-15T00:00:00 -0.000920912496726 -0.000430979992575 -6.55997054081e-05
1998.36712329 1998-05-15T00:00:00 -0.000146351022535 -0.000539888070268 -0.000933618110478
1998.45205479 1998-06-15T00:00:00 0.000237287485363 -0.00144320689039 -0.000973134775555
1998.53424658 1998-07-15T00:00:00 -0.000854281812293 -0.00203628782862 -0.00131934537606
1998.61917808 1998-08-15T00:00:00 -0.000799738648315 -0.001285350039 -0.000504653603203
1998.70410959 1998-09-15T00:00:00 -0.00022153866282 -0.000272618617748 -0.000502857712431
1998.78630137 1998-10-15T00:00:00 0.000236269342467 0.000230628295259 0.00105696457941
1998.87123288 1998-11-15T00:00:00 0.000743776270649 0.00159423892009 0.00255986960185
1998.95342466 1998-12-15T00:00:00 0.000770485247978 0.00144246666935 0.00124583133884
1999.03835616 1999-01-15T00:00:00 0.000512805460711 0.000832630493734 0.000782172935472
1999.12328767 1999-02-15T00:00:00 -8.55231374809e-06 0.000892088728127 -8.79269128719e-05
1999.20000000 1999-03-15T00:00:00 -0.000427364095012 -5.48152514552e-05 0.000799362389013
1999.28493151 1999-04-15T00:00:00 -0.000187505468307 -0.000639023294644 0.000336583353699
1999.36712329 1999-05-15T00:00:00 -0.000268567961985 -0.00087891153745 -2.42065497213e-06
1999.45205479 1999-06-15T00:00:00 -0.000204495136607 -0.00119108878521 -0.00317584912861
1999.53424658 1999-07-15T00:00:00 -0.000493709298153 -0.00213662026761 -0.0018845440343
1999.61917808 1999-08-15T00:00:00 -0.000593992066473 -0.00148520522901 -0.00149963770194
1999.70410959 1999-09-15T00:00:00 -0.000608869992079 -0.000312582376778 -0.000359876313042
1999.78630137 1999-10-15T00:00:00 0.000166867721773 0.00019796736637 0.00212683063392
1999.87123288 1999-11-15T00:00:00 0.000713077470785 0.00109301205033 0.00139805270109
1999.95342466 1999-12-15T00:00:00 0.000314991231822 0.00156651620268 0.00178340341796
2000.03825137 2000-01-15T00:00:00 3.54183750152e-05 0.0012276914059 0.0019984295465
2000.12295082 2000-02-15T00:00:00 0.000773688423113 0.000359812396674 0.000560052406018
2000.20218579 2000-03-15T00:00:00 -7.91145083875e-05 8.49741419116e-06 -0.000233074676867
2000.28688525 2000-04-15T00:00:00 -0.000769071849586 -0.00088454163528 -0.000858118664726
2000.36885246 2000-05-15T00:00:00 -0.000640770422419 -0.000940587336426 -0.00137173982007
2000.45355191 2000-06-15T00:00:00 -0.000330655856381 -0.00137845762903 -0.00206831820248
2000.53551913 2000-07-15T00:00:00 -0.000643006259063 -0.00224438810227 -0.00208219176927
2000.62021858 2000-08-15T00:00:00 -0.00025040553541 -0.0015620899204 -0.00107538492582
2000.70491803 2000-09-15T00:00:00 -0.00040945634022 -0.000236049979128 -0.00101913016646
2000.78688525 2000-10-15T00:00:00 0.000630890343885 0.000562584321529 0.0021926027934
2000.87158470 2000-11-15T00:00:00 0.000601783671817 0.0017587073736 0.00176586474334
2000.95355191 2000-12-15T00:00:00 0.00080729776797 0.000890369655101 0.00125550780545
2001.03835616 2001-01-15T00:00:00 0.00103294811001 0.00114950632953 0.000670863614106
2001.12328767 2001-02-15T00:00:00 0.000558062248284 0.000297268883158 0.000562472887802
2001.20000000 2001-03-15T00:00:00 -0.000477206476319 -0.000158197885611 -0.000148353811218
2001.28493151 2001-04-15T00:00:00 -0.000455190659075 -0.000478443621386 -0.000468676143054
2001.36712329 2001-05-15T00:00:00 -0.000464144016169 -0.00113273169124 -0.00180235171064
2001.45205479 2001-06-15T00:00:00 -0.000378548587745 -0.00206519686002 -0.00209026660939
2001.53424658 2001-07-15T00:00:00 -0.000481820478834 -0.00186214046421 -0.00246408929002
2001.61917808 2001-08-15T00:00:00 -0.000329115832678 -0.00141012025395 -0.000370267611724
2001.70410959 2001-09-15T00:00:00 -0.000350274246663 -0.000355159657318 0.000580749724567
2001.78630137 2001-10-15T00:00:00 0.000241483153906 0.000615965496161 0.00138967077644
2001.87123288 2001-11-15T00:00:00 0.000511099154437 0.00111625130845 0.000793938041823
2001.95342466 2001-12-15T00:00:00 0.00095339361275 0.00253936205038 0.00249919666074
2002.03835616 2002-01-15T00:00:00 0.00112943118441 0.00110770379394 -0.000437523653137
2002.12328767 2002-02-15T00:00:00 0.000220482102293 0.000345568835932 0.000557913612844
2002.20000000 2002-03-15T00:00:00 -0.000389858597165 -0.000584434578613 -0.00137039780301
2002.28493151 2002-04-15T00:00:00 -0.000749991531402 -0.000350033882238 0.000424719064011
2002.36712329 2002-05-15T00:00:00 -0.000434273040178 -0.00064374537353 -0.00183792044241
2002.45205479 2002-06-15T00:00:00 -0.000141235255311 -0.0016161013612 -0.00247348907708
2002.53424658 2002-07-15T00:00:00 -0.000297767743118 -0.00160624714986 -0.00196024716796
2002.61917808 2002-08-15T00:00:00 -0.000636437471781 -0.00141998181697 -0.000446843602318
2002.70410959 2002-09-15T00:00:00 3.94562464993e-06 0.000153975104533 -0.000502476475252
2002.78630137 2002-10-15T00:00:00 3.86257055178e-05 0.000937768839675 0.00108491719532
2002.87123288 2002-11-15T00:00:00 0.000482044687587 0.00140028886876 0.000983207997251
2002.95342466 2002-12-15T00:00:00 0.00123953501856 0.00223672093578 0.00163722773824
2003.03835616 2003-01-15T00:00:00 0.00057920961975 0.00108888633769 -0.000339579102637
2003.12328767 2003-02-15T00:00:00 0.000309412282869 0.000771967416858 0.000168977799223
2003.20000000 2003-03-15T00:00:00 3.01458748024e-05 0.000824036886434 0.000205447467283
2003.28493151 2003-04-15T00:00:00 -0.00012308243679 -0.000248762593092 0.000288495218821
2003.36712329 2003-05-15T00:00:00 -0.000135230924719 -0.000610276157648 -0.000374401019834
2003.45205479 2003-06-15T00:00:00 -0.000495476858252 -0.00134496312452 -0.00281411660502
2003.53424658 2003-07-15T00:00:00 -0.000353794228105 -0.0017174988792 -0.00122492438826
2003.61917808 2003-08-15T00:00:00 -0.000261630409043 -0.00162006542984 9.96775362514e-05
2003.70410959 2003-09-15T00:00:00 0.000167397860118 -0.000374812570416 0.000644543758552
2003.78630137 2003-10-15T00:00:00 -0.000280667092769 0.000809330670285 0.000938131821162
2003.87123288 2003-11-15T00:00:00 0.000435098176721 0.00194102262542 0.00156909920456
2003.95342466 2003-12-15T00:00:00 0.00101141709363 0.00160636609121 -0.00133479757855
2004.03825137 2004-01-15T00:00:00 -0.000196733219065 0.000857027530249 0.0013274959134
2004.12295082 2004-02-15T00:00:00 0.000923434570757 0.000338906070528 -0.000196101499284
2004.20218579 2004-03-15T00:00:00 0.000368517183434 0.000116482161011 0.00143396457373
2004.28688525 2004-04-15T00:00:00 -0.000603417974821 -0.000359527444125 -0.00019346756976
2004.36885246 2004-05-15T00:00:00 -0.000227874914402 -0.00122617445605 -0.000905841174476
2004.45355191 2004-06-15T00:00:00 3.68053019676e-05 -0.00132052972136 -0.000442126934706
2004.53551913 2004-07-15T00:00:00 -0.000652424722054 -0.00175163398573 -0.000569784795294
2004.62021858 2004-08-15T00:00:00 -0.000292104603484 -0.00169376351824 -0.000359408988934
2004.70491803 2004-09-15T00:00:00 -0.00018579522504 -2.86460514987e-06 0.000482207287708
2004.78688525 2004-10-15T00:00:00 0.000179321277795 0.00137369252207 0.000782357445359
2004.87158470 2004-11-15T00:00:00 0.000256062778328 0.000951381913917 0.000131901611146
2004.95355191 2004-12-15T00:00:00 0.000279526125953 0.00181039369049 0.000725694399117
2005.03835616 2005-01-15T00:00:00 0.000712868695873 0.00112195570258 0.0014451031542
2005.12328767 2005-02-15T00:00:00 5.865198872e-05 0.00118463596182 0.00295851377269
2005.20000000 2005-03-15T00:00:00 -0.000248403920686 0.000639893858955 4.1715351495e-05
2005.28493151 2005-04-15T00:00:00 -0.000482245913065 -0.000135479244143 0.000323543916935
2005.36712329 2005-05-15T00:00:00 -0.000319950336176 -0.000549225595139 -0.000132583622015
2005.45205479 2005-06-15T00:00:00 -0.000248686969947 -0.00177365303709 -0.0032120963768
2005.53424658 2005-07-15T00:00:00 -0.000225412230612 -0.00174496822861 -0.00201119699062
2005.61917808 2005-08-15T00:00:00 -0.000657609868904 -0.00140332229693 -0.000631141173537
2005.70410959 2005-09-15T00:00:00 2.75224095254e-05 -0.000438119858717 0.000340744601909
2005.78630137 2005-10-15T00:00:00 0.000794240886833 0.000789333213566 0.0014157532917
2005.87123288 2005-11-15T00:00:00 0.000290731431357 0.00149640818697 0.00135624779543
2005.95342466 2005-12-15T00:00:00 0.000532145616321 0.00246473278024 0.00110153632349
2006.03835616 2006-01-15T00:00:00 0.000830379941921 0.00201490814369 0.00161370862132
2006.12328767 2006-02-15T00:00:00 -0.000230565485589 0.000903870749424 0.000918648401402
2006.20000000 2006-03-15T00:00:00 -0.000254339678306 -0.000169622014824 0.000450270947279
2006.28493151 2006-04-15T00:00:00 -0.000581863231429 -7.46495811016e-06 -0.000527842948746
2006.36712329 2006-05-15T00:00:00 -0.000169098913177 -0.000735928779253 0.000477875627179
2006.45205479 2006-06-15T00:00:00 -0.000152817432091 -0.00122854617879 -0.00139935094139
2006.53424658 2006-07-15T00:00:00 -0.000384291466693 -0.00183192771075 -0.00102280388529
2006.61917808 2006-08-15T00:00:00 -0.000809677664772 -0.00119715545195 -0.00246512077387
2006.70410959 2006-09-15T00:00:00 -0.00029710403983 -0.000216295221111 -0.000479177848299
2006.78630137 2006-10-15T00:00:00 -0.000287252366254 0.000963019788604 0.00138025902839
2006.87123288 2006-11-15T00:00:00 0.000411235981268 0.00116497317984 0.00174222776498
2006.95342466 2006-12-15T00:00:00 0.00105637039475 0.00162016094634 0.000157604381828
